26419,0,0,26417,0.0,0.0,1.0,1.0
26419,0,0,26409,0.0,0.0,1.0,1.0
26419,0,0,26406,0.0,0.0,1.0,1.0
26419,14,588,26316,7153.999999999797,300467.9999999915,1.0,1.0
26419,30,1464,25285,30480.66666666804,1638412.0000000757,1.0,1.0
26419,807,43822,25078,35899.84166666675,1965508.4772727313,1.0,1.0
26419,4079,252718,24299,119000.4267376976,7350517.032734875,1.0,1.0
26419,4691,285738,23895,91947.04498834511,5574022.649417256,1.0,1.0
26419,5877,350670,23070,76845.85923096318,4506456.602928981,1.0,1.0
26419,8910,533992,21718,108110.60582599633,6583924.594788121,1.0,1.0
26419,19814,1204768,19758,103115.94221068283,6253865.270118794,1.0,1.0
26419,41309,2440070,17386,146553.0444552127,8615876.219483739,0.9809523809523805,0.9738693230101029
26419,61701,3554182,13342,141148.79402832728,8193344.423633369,0.5177967795417513,0.5421585473471444
26419,88554,5152248,9022,133140.63066431377,7724613.577843728,0.3963807567197397,0.3913305919305645
26419,98248,5698592,5221,123292.53874611377,7149776.270874572,0.18554021511038152,0.18904440705641817
26419,115312,6765408,2823,129906.19967114106,7623314.719564384,0.10670328275962081,0.10488049627868454
26419,118755,6962390,1532,126216.85222366278,7410543.33253368,0.04025080906148871,0.03927389657760891
26419,118755,6962390,1532,126216.85222366278,7410543.33253368,0.04025080906148871,0.03927389657760891
26419,118755,6962390,1532,126216.85222366278,7410543.33253368,0.04025080906148871,0.03927389657760891
26419,118755,6962390,1532,126216.85222366278,7410543.33253368,0.04025080906148871,0.03927389657760891
26419,118755,6962390,1532,126216.85222366278,7410543.33253368,0.04025080906148871,0.03927389657760891
26419,118755,6962390,1532,126216.85222366278,7410543.33253368,0.04025080906148871,0.03927389657760891
26419,118755,6962390,1532,126216.85222366278,7410543.33253368,0.04025080906148871,0.03927389657760891
26419,118755,6962390,1532,126216.85222366278,7410543.33253368,0.04025080906148871,0.03927389657760891
26419,118755,6962390,1532,126216.85222366278,7410543.33253368,0.04025080906148871,0.03927389657760891
26419,118755,6962390,1532,126216.85222366278,7410543.33253368,0.04025080906148871,0.03927389657760891
26419,118755,6962390,1532,126216.85222366278,7410543.33253368,0.04025080906148871,0.03927389657760891
26419,118755,6962390,1532,126216.85222366278,7410543.33253368,0.04025080906148871,0.03927389657760891
26419,118755,6962390,1532,126216.85222366278,7410543.33253368,0.04025080906148871,0.03927389657760891
26419,118755,6962390,1532,126216.85222366278,7410543.33253368,0.04025080906148871,0.03927389657760891
26419,118755,6962390,1532,126216.85222366278,7410543.33253368,0.04025080906148871,0.03927389657760891
26419,118755,6962390,1532,126216.85222366278,7410543.33253368,0.04025080906148871,0.03927389657760891
26419,118755,6962390,1532,126216.85222366278,7410543.33253368,0.04025080906148871,0.03927389657760891
*26419,0,0,0,0.0,0.0,1.0,1.0
26419,0,0,26409,0.0,0.0,1.0,1.0
26419,0,0,26322,0.0,0.0,1.0,1.0
26419,0,0,26230,0.0,0.0,1.0,1.0
26419,14,588,25699,7153.999999999797,300467.9999999915,1.0,1.0
26419,170,9384,24474,25468.200000000288,1464393.33333335,1.0,1.0
26419,1071,58462,23878,27622.989474376882,1548111.0800777993,1.0,1.0
26419,4487,275314,23388,63774.38823545324,4038598.255466137,1.0,1.0
26419,6766,418264,22633,141294.65115464068,9030826.579336539,1.0,1.0
26419,9487,579694,21750,112241.95846999781,7017864.452149358,1.0,1.0
26419,27735,1653530,19761,133221.47319281523,8106000.507061342,1.0,1.0
26419,54865,3165766,16792,167015.28737122656,9735317.92722962,1.0,0.9951694778533847
26419,76210,4460652,12612,147007.2862792629,8647070.3532581,0.5960037266773144,0.609160246359117
26419,92974,5416016,6477,123862.29847252944,7218762.559663676,0.22660818713450295,0.24141511524321585
26419,113498,6611740,1842,121339.51457136522,7067520.535749825,0.04869016034538032,0.04962147352958113
26419,116270,6772612,325,117499.93984473938,6842894.39739156,0.0,0.0
26419,122329,7167950,39,122441.70084316871,7174624.326749809,0.0,0.0
26419,122333,7168118,6,122351.76157752055,7169208.948891592,0.0,0.0
26419,122333,7168118,6,122351.76157752055,7169208.948891592,0.0,0.0
26419,122333,7168118,6,122351.76157752055,7169208.948891592,0.0,0.0
26419,122333,7168118,6,122351.76157752055,7169208.948891592,0.0,0.0
26419,122333,7168118,6,122351.76157752055,7169208.948891592,0.0,0.0
26419,122333,7168118,6,122351.76157752055,7169208.948891592,0.0,0.0
26419,122333,7168118,6,122351.76157752055,7169208.948891592,0.0,0.0
26419,122333,7168118,6,122351.76157752055,7169208.948891592,0.0,0.0
26419,122333,7168118,6,122351.76157752055,7169208.948891592,0.0,0.0
26419,122333,7168118,6,122351.76157752055,7169208.948891592,0.0,0.0
26419,122333,7168118,6,122351.76157752055,7169208.948891592,0.0,0.0
26419,122333,7168118,6,122351.76157752055,7169208.948891592,0.0,0.0
26419,122333,7168118,6,122351.76157752055,7169208.948891592,0.0,0.0
26419,122333,7168118,6,122351.76157752055,7169208.948891592,0.0,0.0
26419,122333,7168118,6,122351.76157752055,7169208.948891592,0.0,0.0
26419,122333,7168118,6,122351.76157752055,7169208.948891592,0.0,0.0
*26419,0,0,0,0.0,0.0,1.0,1.0
26419,0,0,0,0.0,0.0,1.0,1.0
26419,0,0,26408,0.0,0.0,1.0,1.0
26419,0,0,26233,0.0,0.0,1.0,1.0
26419,114,6180,25119,63783.00000000128,3457710.0000000694,1.0,1.0
26419,305,16586,24488,72230.16666666791,3930984.1428572102,1.0,1.0
26419,1531,83606,24060,54320.94818754477,3021917.045158056,1.0,1.0
26419,1819,100990,23424,24671.65209157745,1468207.4759482364,1.0,1.0
26419,6902,427816,22707,189745.8968392856,12329714.373081993,1.0,1.0
26419,9429,581154,20755,134756.6374836592,8511184.852188228,1.0,1.0
26419,15553,931074,19176,106787.74698017834,6457032.990314432,1.0,1.0
26419,41365,2480218,16718,138630.0568003522,8182382.0551544735,1.0,1.0
26419,70834,4127688,12468,129848.84702428246,7592152.459398344,0.6311475409836066,0.6259423057593728
26419,99515,5832154,5513,128956.3792875613,7584205.898589664,0.21052631578947376,0.2105263157894736
26419,120379,7055562,705,123609.93248968422,7243773.202802888,0.018575851393188875,0.01762894233672721
26419,122100,7152704,28,122244.51947472234,7161857.686764402,0.0,0.0
26419,122386,7171016,1,122386.19223985891,7171027.347442681,0.0,0.0
26419,122386,7171016,0,122386.0,7171016.0,0.0,0.0
26419,122386,7171016,0,122386.0,7171016.0,0.0,0.0
26419,122386,7171016,0,122386.0,7171016.0,0.0,0.0
26419,122386,7171016,0,122386.0,7171016.0,0.0,0.0
26419,122386,7171016,0,122386.0,7171016.0,0.0,0.0
26419,122386,7171016,0,122386.0,7171016.0,0.0,0.0
26419,122386,7171016,0,122386.0,7171016.0,0.0,0.0
26419,122386,7171016,0,122386.0,7171016.0,0.0,0.0
26419,122386,7171016,0,122386.0,7171016.0,0.0,0.0
26419,122386,7171016,0,122386.0,7171016.0,0.0,0.0
26419,122386,7171016,0,122386.0,7171016.0,0.0,0.0
26419,122386,7171016,0,122386.0,7171016.0,0.0,0.0
26419,122386,7171016,0,122386.0,7171016.0,0.0,0.0
26419,122386,7171016,0,122386.0,7171016.0,0.0,0.0
26419,122386,7171016,0,122386.0,7171016.0,0.0,0.0
26419,122386,7171016,0,122386.0,7171016.0,0.0,0.0
*26419,0,0,0,0.0,0.0,1.0,1.0
26419,0,0,0,0.0,0.0,1.0,1.0
26419,0,0,26322,0.0,0.0,1.0,1.0
26419,0,0,26148,0.0,0.0,1.0,1.0
26419,168,9120,26103,71404.71428571553,3872670.000000067,1.0,1.0
26419,506,27420,24514,114890.84108527363,6247815.7906978,1.0,1.0
26419,1528,83584,23946,19109.114179079366,1087117.6577647084,1.0,1.0
26419,4602,281552,23223,84138.49928979707,5398944.246166304,1.0,1.0
26419,7976,499536,22400,261594.7889852857,17077242.789691865,1.0,1.0
26419,9108,564528,20977,105495.00911006363,6698351.7257955,1.0,1.0
26419,18748,1155036,19209,95409.80185262175,5874517.191644915,1.0,1.0
26419,47128,2806604,16776,152228.59951344065,9001615.757768687,0.9918639053254438,0.9665943036196428
26419,71810,4172124,12474,141204.29160986352,8282007.312771286,0.6833880293795906,0.6585993418872758
26419,113148,6647584,5008,139000.19704862632,8188214.405775615,0.13636363636363644,0.1407123191008121
26419,122114,7154560,218,122959.51874297978,7203461.802617384,0.0,0.0
26419,122386,7171016,0,122386.0,7171016.0,0.0,0.0
26419,122386,7171016,0,122386.0,7171016.0,0.0,0.0
26419,122386,7171016,0,122386.0,7171016.0,0.0,0.0
26419,122386,7171016,0,122386.0,7171016.0,0.0,0.0
26419,122386,7171016,0,122386.0,7171016.0,0.0,0.0
26419,122386,7171016,0,122386.0,7171016.0,0.0,0.0
26419,122386,7171016,0,122386.0,7171016.0,0.0,0.0
26419,122386,7171016,0,122386.0,7171016.0,0.0,0.0
26419,122386,7171016,0,122386.0,7171016.0,0.0,0.0
26419,122386,7171016,0,122386.0,7171016.0,0.0,0.0
26419,122386,7171016,0,122386.0,7171016.0,0.0,0.0
26419,122386,7171016,0,122386.0,7171016.0,0.0,0.0
26419,122386,7171016,0,122386.0,7171016.0,0.0,0.0
26419,122386,7171016,0,122386.0,7171016.0,0.0,0.0
26419,122386,7171016,0,122386.0,7171016.0,0.0,0.0
26419,122386,7171016,0,122386.0,7171016.0,0.0,0.0
26419,122386,7171016,0,122386.0,7171016.0,0.0,0.0
26419,122386,7171016,0,122386.0,7171016.0,0.0,0.0
*26419,0,0,0,0.0,0.0,1.0,1.0
26419,0,0,0,0.0,0.0,1.0,1.0
26419,0,0,0,0.0,0.0,1.0,1.0
26419,0,0,26235,0.0,0.0,1.0,1.0
26419,114,6180,25620,63783.00000000128,3457710.0000000694,1.0,1.0
26419,182,9708,24538,72095.66666666792,3880612.666666735,1.0,1.0
26419,1496,81432,23897,20326.36531670082,1103249.7440760985,1.0,1.0
26419,3572,213372,23311,240606.26333133117,15732164.632682081,1.0,1.0
26419,6902,426368,22197,303023.9797843111,19695755.367047954,1.0,1.0
26419,9371,579358,21007,146737.7728190942,9344693.839183329,1.0,1.0
26419,15157,904350,19229,102030.29248227975,6174114.221291376,1.0,1.0
26419,54427,3267854,16665,167758.97247978413,9983227.87574859,1.0,1.0
26419,70279,4105954,12314,135204.59322466343,7933041.158539456,0.5700659444182758,0.5643050604068105
26419,99211,5761006,4516,118553.06257745798,6879571.379258988,0.1490147783251231,0.15166812134156105
26419,122339,7168010,54,122504.72676128501,7177200.42191627,0.0,0.0
26419,122386,7171016,0,122386.0,7171016.0,0.0,0.0
26419,122386,7171016,0,122386.0,7171016.0,0.0,0.0
26419,122386,7171016,0,122386.0,7171016.0,0.0,0.0
26419,122386,7171016,0,122386.0,7171016.0,0.0,0.0
26419,122386,7171016,0,122386.0,7171016.0,0.0,0.0
26419,122386,7171016,0,122386.0,7171016.0,0.0,0.0
26419,122386,7171016,0,122386.0,7171016.0,0.0,0.0
26419,122386,7171016,0,122386.0,7171016.0,0.0,0.0
26419,122386,7171016,0,122386.0,7171016.0,0.0,0.0
26419,122386,7171016,0,122386.0,7171016.0,0.0,0.0
26419,122386,7171016,0,122386.0,7171016.0,0.0,0.0
26419,122386,7171016,0,122386.0,7171016.0,0.0,0.0
26419,122386,7171016,0,122386.0,7171016.0,0.0,0.0
26419,122386,7171016,0,122386.0,7171016.0,0.0,0.0
26419,122386,7171016,0,122386.0,7171016.0,0.0,0.0
26419,122386,7171016,0,122386.0,7171016.0,0.0,0.0
26419,122386,7171016,0,122386.0,7171016.0,0.0,0.0
26419,122386,7171016,0,122386.0,7171016.0,0.0,0.0
*26419,0,0,0,0.0,0.0,1.0,1.0
26419,0,0,0,0.0,0.0,1.0,1.0
26419,0,0,0,0.0,0.0,1.0,1.0
26419,0,0,26152,0.0,0.0,1.0,1.0
26419,114,6180,26143,63783.00000000128,3457710.0000000694,1.0,1.0
26419,443,23934,24524,73083.66666666792,3934755.066666735,1.0,1.0
26419,1493,81410,23958,24487.742314182877,1396463.5063467538,1.0,1.0
26419,4551,279570,23287,165312.52723898966,10726115.580204813,1.0,1.0
26419,6957,431146,22195,288075.0006478486,18745824.46494476,1.0,1.0
26419,9190,568876,20823,113515.72506480588,7194807.925122579,1.0,1.0
26419,26093,1564330,19155,114048.48210577486,6955023.567392343,1.0,1.0
26419,49693,2949362,16694,156316.9212710359,9254517.711591829,1.0,1.0
26419,76571,4463146,12389,146308.60409932898,8549742.69524769,0.6790123456790124,0.6836601307189542
26419,106678,6239988,4503,128243.0072991561,7498197.140325213,0.15663322185061315,0.16190192574945395
26419,122384,7170884,4,122391.65643003483,7171318.080621365,0.0,0.0
26419,122386,7171016,0,122386.0,7171016.0,0.0,0.0
26419,122386,7171016,0,122386.0,7171016.0,0.0,0.0
26419,122386,7171016,0,122386.0,7171016.0,0.0,0.0
26419,122386,7171016,0,122386.0,7171016.0,0.0,0.0
26419,122386,7171016,0,122386.0,7171016.0,0.0,0.0
26419,122386,7171016,0,122386.0,7171016.0,0.0,0.0
26419,122386,7171016,0,122386.0,7171016.0,0.0,0.0
26419,122386,7171016,0,122386.0,7171016.0,0.0,0.0
26419,122386,7171016,0,122386.0,7171016.0,0.0,0.0
26419,122386,7171016,0,122386.0,7171016.0,0.0,0.0
26419,122386,7171016,0,122386.0,7171016.0,0.0,0.0
26419,122386,7171016,0,122386.0,7171016.0,0.0,0.0
26419,122386,7171016,0,122386.0,7171016.0,0.0,0.0
26419,122386,7171016,0,122386.0,7171016.0,0.0,0.0
26419,122386,7171016,0,122386.0,7171016.0,0.0,0.0
26419,122386,7171016,0,122386.0,7171016.0,0.0,0.0
26419,122386,7171016,0,122386.0,7171016.0,0.0,0.0
26419,122386,7171016,0,122386.0,7171016.0,0.0,0.0
*26419,0,0,0,0.0,0.0,1.0,1.0
26419,0,0,0,0.0,0.0,1.0,1.0
26419,0,0,0,0.0,0.0,1.0,1.0
26419,0,0,26150,0.0,0.0,1.0,1.0
26419,114,6180,26141,63783.00000000128,3457710.0000000694,1.0,1.0
26419,443,23934,24534,73083.66666666792,3934755.066666735,1.0,1.0
26419,1528,83264,24045,72541.63009627066,4035648.3045809222,1.0,1.0
26419,4205,260242,23222,157850.86750178508,10219829.237832703,1.0,1.0
26419,6745,419610,22232,290785.6363081911,19012628.154383715,1.0,1.0
26419,9994,621508,20871,147704.84258131016,9433686.31071861,1.0,1.0
26419,27143,1611330,19167,121869.61756375477,7375288.857422133,1.0,1.0
26419,53833,3231314,16648,156833.7959996664,9315779.200237669,0.9541970900974444,0.8870348345294906
26419,81728,4768832,12382,156175.56951940613,9124246.036849301,0.6274361596490448,0.6411256704883908
26419,104802,6130780,4492,123108.96609642707,7202521.82395933,0.13631928181108507,0.13559322033898313
26419,122386,7171016,8,122444.2607975157,7174501.598909654,0.0,0.0
26419,122386,7171016,0,122386.0,7171016.0,0.0,0.0
26419,122386,7171016,0,122386.0,7171016.0,0.0,0.0
26419,122386,7171016,0,122386.0,7171016.0,0.0,0.0
26419,122386,7171016,0,122386.0,7171016.0,0.0,0.0
26419,122386,7171016,0,122386.0,7171016.0,0.0,0.0
26419,122386,7171016,0,122386.0,7171016.0,0.0,0.0
26419,122386,7171016,0,122386.0,7171016.0,0.0,0.0
26419,122386,7171016,0,122386.0,7171016.0,0.0,0.0
26419,122386,7171016,0,122386.0,7171016.0,0.0,0.0
26419,122386,7171016,0,122386.0,7171016.0,0.0,0.0
26419,122386,7171016,0,122386.0,7171016.0,0.0,0.0
26419,122386,7171016,0,122386.0,7171016.0,0.0,0.0
26419,122386,7171016,0,122386.0,7171016.0,0.0,0.0
26419,122386,7171016,0,122386.0,7171016.0,0.0,0.0
26419,122386,7171016,0,122386.0,7171016.0,0.0,0.0
26419,122386,7171016,0,122386.0,7171016.0,0.0,0.0
26419,122386,7171016,0,122386.0,7171016.0,0.0,0.0
26419,122386,7171016,0,122386.0,7171016.0,0.0,0.0
*26419,0,0,0,0.0,0.0,1.0,1.0
26419,0,0,0,0.0,0.0,1.0,1.0
26419,0,0,0,0.0,0.0,1.0,1.0
26419,0,0,26148,0.0,0.0,1.0,1.0
26419,114,6180,26109,63783.00000000128,3457710.0000000694,1.0,1.0
26419,465,25402,24521,78745.00000000124,4312520.400000067,1.0,1.0
26419,1517,82698,23897,20808.79784152097,1148656.7084844317,1.0,1.0
26419,4279,265014,23390,168466.31341875263,10935185.855595697,1.0,1.0
26419,7664,479724,22226,397363.83013081085,25984848.30868285,1.0,1.0
26419,9195,565442,20795,146250.1560670083,9275861.280205192,1.0,1.0
26419,21969,1292486,19171,128230.23697405032,7893090.0273236735,1.0,1.0
26419,50403,2986078,16679,153721.47140505523,9072003.666269239,0.9825406972098529,0.9354094610019947
26419,82158,4767980,12412,162971.72354205739,9471979.93721382,0.670378787878788,0.6718154317918118
26419,108119,6316986,4146,126438.77848474223,7380103.538590359,0.1414994800672101,0.14131293282905566
26419,122386,7171016,0,122386.0,7171016.0,0.0,0.0
26419,122386,7171016,0,122386.0,7171016.0,0.0,0.0
26419,122386,7171016,0,122386.0,7171016.0,0.0,0.0
26419,122386,7171016,0,122386.0,7171016.0,0.0,0.0
26419,122386,7171016,0,122386.0,7171016.0,0.0,0.0
26419,122386,7171016,0,122386.0,7171016.0,0.0,0.0
26419,122386,7171016,0,122386.0,7171016.0,0.0,0.0
26419,122386,7171016,0,122386.0,7171016.0,0.0,0.0
26419,122386,7171016,0,122386.0,7171016.0,0.0,0.0
26419,122386,7171016,0,122386.0,7171016.0,0.0,0.0
26419,122386,7171016,0,122386.0,7171016.0,0.0,0.0
26419,122386,7171016,0,122386.0,7171016.0,0.0,0.0
26419,122386,7171016,0,122386.0,7171016.0,0.0,0.0
26419,122386,7171016,0,122386.0,7171016.0,0.0,0.0
26419,122386,7171016,0,122386.0,7171016.0,0.0,0.0
26419,122386,7171016,0,122386.0,7171016.0,0.0,0.0
26419,122386,7171016,0,122386.0,7171016.0,0.0,0.0
26419,122386,7171016,0,122386.0,7171016.0,0.0,0.0
26419,122386,7171016,0,122386.0,7171016.0,0.0,0.0
*26419,0,0,0,0.0,0.0,1.0,1.0
26419,0,0,0,0.0,0.0,1.0,1.0
26419,0,0,0,0.0,0.0,1.0,1.0
26419,0,0,0,0.0,0.0,1.0,1.0
26419,0,0,26147,0.0,0.0,1.0,1.0
26419,443,23934,24517,73083.66666666792,3934755.066666735,1.0,1.0
26419,1507,82318,23884,21632.736825190208,1213990.801915907,1.0,1.0
26419,4205,260242,23409,157199.67735118905,10183623.453439368,1.0,1.0
26419,6827,423150,22224,134917.74960845505,8675979.436325246,1.0,1.0
26419,10069,622498,20799,110814.78909418026,6920925.970146955,1.0,1.0
26419,20545,1201222,19124,152116.59154788798,9047382.889054654,1.0,1.0
26419,49735,2953098,16710,159860.95769243874,9468301.703589216,0.9658704306912775,0.9538520991041805
26419,80905,4715998,12387,159610.24421141465,9311126.615211135,0.6858022312473444,0.6815196249706369
26419,106026,6194500,4159,123816.56186575675,7232228.680525919,0.1373626373626373,0.12903225806451615
26419,122386,7171016,0,122386.0,7171016.0,0.0,0.0
26419,122386,7171016,0,122386.0,7171016.0,0.0,0.0
26419,122386,7171016,0,122386.0,7171016.0,0.0,0.0
26419,122386,7171016,0,122386.0,7171016.0,0.0,0.0
26419,122386,7171016,0,122386.0,7171016.0,0.0,0.0
26419,122386,7171016,0,122386.0,7171016.0,0.0,0.0
26419,122386,7171016,0,122386.0,7171016.0,0.0,0.0
26419,122386,7171016,0,122386.0,7171016.0,0.0,0.0
26419,122386,7171016,0,122386.0,7171016.0,0.0,0.0
26419,122386,7171016,0,122386.0,7171016.0,0.0,0.0
26419,122386,7171016,0,122386.0,7171016.0,0.0,0.0
26419,122386,7171016,0,122386.0,7171016.0,0.0,0.0
26419,122386,7171016,0,122386.0,7171016.0,0.0,0.0
26419,122386,7171016,0,122386.0,7171016.0,0.0,0.0
26419,122386,7171016,0,122386.0,7171016.0,0.0,0.0
26419,122386,7171016,0,122386.0,7171016.0,0.0,0.0
26419,122386,7171016,0,122386.0,7171016.0,0.0,0.0
26419,122386,7171016,0,122386.0,7171016.0,0.0,0.0
26419,122386,7171016,0,122386.0,7171016.0,0.0,0.0
*26419,0,0,0,0.0,0.0,1.0,1.0
26419,0,0,0,0.0,0.0,1.0,1.0
26419,0,0,0,0.0,0.0,1.0,1.0
26419,0,0,0,0.0,0.0,1.0,1.0
26419,0,0,26146,0.0,0.0,1.0,1.0
26419,443,23934,24509,73083.66666666792,3934755.066666735,1.0,1.0
26419,1493,81410,23935,24371.483477449085,1390253.6286006349,1.0,1.0
26419,4203,260158,23406,156742.08365263857,10176269.488242615,1.0,1.0
26419,6845,426450,22259,291035.3813643137,19022120.507955626,1.0,1.0
26419,10078,623608,20847,151051.93187374837,9582952.07158475,1.0,1.0
26419,19886,1170756,19125,148313.13132941135,8871036.723506436,1.0,1.0
26419,50059,2969270,16696,164828.45186505484,9764794.374620438,1.0,0.9630558013041057
26419,72989,4278474,12400,137701.42730195363,8075860.129160055,0.6731110283159464,0.6652013876822543
26419,112566,6627384,4111,130617.08694249854,7680221.164508424,0.12742598659790746,0.12658227848101267
26419,122386,7171016,0,122386.0,7171016.0,0.0,0.0
26419,122386,7171016,0,122386.0,7171016.0,0.0,0.0
26419,122386,7171016,0,122386.0,7171016.0,0.0,0.0
26419,122386,7171016,0,122386.0,7171016.0,0.0,0.0
26419,122386,7171016,0,122386.0,7171016.0,0.0,0.0
26419,122386,7171016,0,122386.0,7171016.0,0.0,0.0
26419,122386,7171016,0,122386.0,7171016.0,0.0,0.0
26419,122386,7171016,0,122386.0,7171016.0,0.0,0.0
26419,122386,7171016,0,122386.0,7171016.0,0.0,0.0
26419,122386,7171016,0,122386.0,7171016.0,0.0,0.0
26419,122386,7171016,0,122386.0,7171016.0,0.0,0.0
26419,122386,7171016,0,122386.0,7171016.0,0.0,0.0
26419,122386,7171016,0,122386.0,7171016.0,0.0,0.0
26419,122386,7171016,0,122386.0,7171016.0,0.0,0.0
26419,122386,7171016,0,122386.0,7171016.0,0.0,0.0
26419,122386,7171016,0,122386.0,7171016.0,0.0,0.0
26419,122386,7171016,0,122386.0,7171016.0,0.0,0.0
26419,122386,7171016,0,122386.0,7171016.0,0.0,0.0
26419,122386,7171016,0,122386.0,7171016.0,0.0,0.0
*